BEGIN IONS
PEPMASS=441.225673
SEQ=+229.163VS+79.966PGGR
CHARGE=2+
145.084573	0.000030
165.122981	0.000506
175.118951	0.071862
232.140411	0.023147
276.670658	0.000051
289.161871	0.014503
297.148376	0.000637
305.181388	0.000068
329.238686	0.067472
386.214631	0.933355
398.259820	0.719108
455.235765	0.030216
495.312580	0.005090
496.236716	0.056000
552.334040	0.023752
553.212661	0.008843
593.289476	0.000267
609.355500	0.025325
650.310936	0.018252
707.332396	0.010584
END IONS

BEGIN IONS
PEPMASS=442.215308
SEQ=+229.163TS+79.966PGGR
CHARGE=2+
145.084573	0.000185
166.112616	0.000449
175.118951	0.072396
232.140411	0.022998
289.161871	0.012896
298.138011	0.000877
326.648741	0.000043
331.217956	0.028175
386.214631	0.942597
400.239090	0.659904
455.235765	0.011231
497.291850	0.000255
498.215986	0.058854
553.212661	0.003241
554.313310	0.011715
595.268746	0.000398
611.334770	0.018352
652.290206	0.021207
709.311666	0.011032
END IONS

BEGIN IONS
PEPMASS=454.233498
SEQ=+229.163T+79.966AGPPR
CHARGE=2+
175.118951	0.413033
206.095616	0.000388
241.614171	0.000245
270.124901	0.000165
272.171711	0.008654
313.207060	0.023087
369.224471	0.031030
384.244170	0.006638
411.183956	0.010682
426.245931	0.012540
441.265630	0.014392
497.283041	0.022082
539.242526	0.005118
END IONS

BEGIN IONS
PEPMASS=460.233498
SEQ=+229.163S+79.966PPPGR
CHARGE=2+
175.118951	0.077549
199.087791	0.001170
213.626603	0.001489
232.140411	0.003705
247.152103	0.000104
247.614171	0.000699
262.152983	0.006712
295.678483	0.000117
299.191410	0.460791
329.193171	0.048376
396.244170	0.018192
397.168306	0.395578
426.245931	0.167464
493.296930	0.004544
523.298691	0.952722
590.349690	0.000225
591.273826	0.009188
647.371150	0.018810
745.348046	0.001164
END IONS

BEGIN IONS
PEPMASS=461.241323
SEQ=+229.163S+79.966PGPVR
CHARGE=2+
175.118951	0.259101
199.087791	0.000633
214.634428	0.000207
247.614171	0.000829
263.160808	0.001131
274.187361	0.005022
275.662833	0.000006
276.124901	0.000362
299.191410	0.438789
371.240121	0.048811
397.168306	0.466521
428.261581	0.047057
453.265630	0.046104
494.221066	0.000255
525.314341	0.909547
550.318390	0.007490
551.242526	0.138221
648.295286	0.000828
649.386800	0.086976
747.363696	0.026154
END IONS

BEGIN IONS
PEPMASS=464.715473
SEQ=+229.163GS+79.966WGGR
CHARGE=2+
144.099506	0.000327
145.084573	0.000534
175.118951	0.343549
232.140411	0.105937
287.191736	0.185583
289.161871	0.234252
300.160458	0.002525
328.671188	0.003635
356.212870	0.771370
454.189766	0.107601
475.241181	0.842168
542.292180	0.260146
544.262315	0.065508
599.313640	0.167692
640.269076	0.006159
642.239211	0.016554
656.335100	0.177550
697.290536	0.089704
754.311996	0.064829
END IONS

BEGIN IONS
PEPMASS=467.241323
SEQ=+229.163T+79.966PGPPR
CHARGE=2+
175.118951	0.098290
206.095616	0.000727
254.621996	0.000755
262.152983	0.001776
272.171711	0.011332
282.670658	0.000149
283.132726	0.000266
313.207060	0.320018
369.224471	0.065078
411.183956	0.202469
426.245931	0.034708
467.281280	0.037349
508.236716	0.000381
523.298691	0.690027
564.334040	0.007987
565.258176	0.084766
661.386800	0.014149
662.310936	0.000667
END IONS

BEGIN IONS
PEPMASS=469.238783
SEQ=+229.163S+79.966APPTR
CHARGE=2+
175.118951	0.397188
199.087791	0.000575
234.606346	0.000014
235.639713	0.000869
276.166631	0.009209
299.191410	0.050669
370.228520	0.238640
373.219391	0.032685
397.168306	0.047237
467.281280	0.022179
468.205416	0.030274
470.272151	0.343957
541.309261	0.044471
564.334040	0.000087
565.258176	0.012555
662.310936	0.000493
665.381720	0.025200
END IONS

BEGIN IONS
PEPMASS=470.228413
SEQ=+229.163VDS+79.966PGR
CHARGE=2+
116.573843	0.000055
165.122981	0.000308
175.118951	0.123388
222.636451	0.000575
232.140411	0.014509
329.193171	0.939915
329.238686	0.071873
334.184128	0.001037
354.661846	0.000520
398.214305	0.064520
444.265626	0.266891
496.191201	0.037079
513.241245	0.040794
513.286760	0.974956
610.339520	0.023655
611.218141	0.005866
611.263656	0.025242
667.360980	0.059807
765.337876	0.029018
END IONS

BEGIN IONS
PEPMASS=471.236238
SEQ=+229.163DGS+79.966VVR
CHARGE=2+
137.597318	0.000496
173.102246	0.010234
175.118951	0.848330
201.612976	0.000005
274.187361	0.081908
285.657748	0.000852
345.197216	0.119889
373.255771	0.157179
402.218676	0.064451
442.276905	0.004977
471.239810	0.348163
499.298365	0.055362
540.253801	0.002378
569.216706	0.009396
570.308220	0.303614
597.275261	0.014701
668.285116	0.011150
669.376630	0.169481
767.353526	0.052947
END IONS

BEGIN IONS
PEPMASS=473.720753
SEQ=+229.163GGS+79.966FGGR
CHARGE=2+
144.099506	0.000720
145.084573	0.000332
175.118951	0.472799
232.140411	0.126418
280.655008	0.004300
287.191736	0.096961
289.161871	0.211951
309.165738	0.012705
337.676468	0.007227
344.213196	0.190401
413.234330	0.915910
436.230281	0.718518
505.251415	0.052293
511.211226	0.014035
560.302740	0.425193
562.272875	0.056109
603.228311	0.004527
617.324200	0.325892
674.345660	0.320947
715.301096	0.051365
772.322556	0.042069
END IONS

BEGIN IONS
PEPMASS=475.736408
SEQ=+229.163S+79.966PGPQR
CHARGE=2+
175.118951	0.154768
199.087791	0.000718
229.129513	0.000167
247.614171	0.000776
275.662833	0.000111
276.124901	0.000250
277.655893	0.001800
299.191410	0.400409
303.177531	0.002526
397.168306	0.404053
400.230291	0.045918
453.265630	0.035420
457.251751	0.046872
494.221066	0.000266
550.318390	0.003929
551.242526	0.108438
554.304511	0.884091
648.295286	0.000328
678.376970	0.068505
776.353866	0.012493
END IONS

BEGIN IONS
PEPMASS=476.228413
SEQ=+229.163AS+79.966PDPR
CHARGE=2+
88.063113	0.000368
151.107331	0.000222
175.118951	0.052071
194.102963	0.000795
234.606346	0.000280
272.171711	0.989291
301.207386	0.020989
370.228520	0.138138
387.198651	0.001778
389.172576	0.000086
467.281280	0.002844
468.205416	0.014391
484.251411	0.024848
553.272545	0.000349
565.258176	0.001138
582.308220	0.367424
679.360980	0.000400
680.285116	0.165705
END IONS

BEGIN IONS
PEPMASS=479.241323
SEQ=+229.163AAS+79.966PFR
CHARGE=2+
151.107331	0.000207
161.597318	0.000065
175.118951	0.253229
269.662833	0.010389
301.207386	0.067854
318.651281	0.000066
322.187361	0.013575
343.197038	0.002914
372.244496	0.083257
419.240121	0.742151
441.265630	0.984579
488.261255	0.017415
538.318390	0.037581
539.242526	0.015883
559.298365	0.025801
586.238151	0.003124
657.275261	0.002120
685.386800	0.090925
783.363696	0.031309
END IONS

BEGIN IONS
PEPMASS=480.236573
SEQ=+229.163HS+79.966PPGR
CHARGE=2+
165.100223	0.000015
175.118951	0.066444
184.118231	0.000602
232.140411	0.008742
267.155178	0.000804
315.681558	0.000042
316.143626	0.000558
329.193171	0.033371
344.192288	0.000765
367.229186	0.048668
426.245931	0.971900
436.250320	0.699562
495.267065	0.029282
533.303080	0.009265
534.227216	0.021970
593.243961	0.002771
630.355840	0.000192
631.279976	0.000217
687.377300	0.008854
728.332736	0.000225
785.354196	0.000165
END IONS

BEGIN IONS
PEPMASS=481.220588
SEQ=+229.163AS+79.966FGDR
CHARGE=2+
145.576583	0.000189
151.107331	0.000348
174.087313	0.000168
175.118951	0.992570
287.662833	0.000072
290.145891	0.035119
301.207386	0.136997
308.140551	0.000095
345.176303	0.002330
347.167351	0.105318
370.228520	0.298546
468.205416	0.032118
494.235761	0.237798
517.296930	0.137395
563.256895	0.056235
574.318390	0.086594
615.273826	0.002150
661.233791	0.009120
672.295286	0.049353
689.345330	0.605313
787.322226	0.167630
END IONS

BEGIN IONS
PEPMASS=482.228418
SEQ=+229.163T+79.966SFSGR
CHARGE=2+
116.573843	0.000021
160.089858	0.000435
175.118951	0.740684
206.095616	0.000209
232.140411	0.276598
313.207060	0.037114
319.172441	0.244275
323.145836	0.000139
400.239090	0.395114
466.240851	0.593148
498.215986	0.015642
547.307500	0.208529
553.272881	0.038111
634.339530	0.099732
645.284396	0.001458
691.360990	0.113814
732.316426	0.001695
789.337886	0.001159
END IONS

BEGIN IONS
PEPMASS=482.228418
SEQ=+229.163TS+79.966FSGR
CHARGE=2+
160.089858	0.000363
166.112616	0.000222
175.118951	0.431602
232.140411	0.365263
319.172441	0.195975
323.145836	0.000166
331.217956	0.278575
366.661851	0.000087
400.239090	0.709970
466.240851	0.573956
498.215986	0.047548
535.261985	0.154549
547.307500	0.336612
633.238881	0.025402
634.339530	0.170785
645.284396	0.004041
691.360990	0.130315
732.316426	0.018022
789.337886	0.018344
END IONS

BEGIN IONS
PEPMASS=483.218053
SEQ=+229.163S+79.966YSGSR
CHARGE=2+
88.063113	0.000111
131.579128	0.001221
175.118951	0.922986
199.087791	0.000689
262.150981	0.159918
280.619456	0.000092
299.191410	0.403957
303.657753	0.018156
319.172441	0.724092
347.173768	0.005983
397.168306	0.223155
406.204471	0.062500
462.254740	0.113412
549.286770	0.471516
560.231636	0.000514
569.267801	0.024648
606.308230	0.277155
693.340260	0.257481
END IONS

BEGIN IONS
PEPMASS=483.254433
SEQ=+229.163S+79.966TPPVR
CHARGE=2+
175.118951	0.142475
186.123698	0.000499
199.087791	0.000561
274.187361	0.009067
298.138011	0.000775
299.191410	0.017603
371.240121	0.024387
397.168306	0.006137
400.239090	0.519987
468.292881	0.995143
497.291850	0.003614
498.215986	0.022497
569.340561	0.007135
594.344610	0.000176
595.268746	0.000982
692.321506	0.000511
693.413020	0.010797
791.389916	0.003573
END IONS

BEGIN IONS
PEPMASS=483.752058
SEQ=+229.163AVS+79.966PQR
CHARGE=2+
151.107331	0.000150
175.118951	0.211967
283.678483	0.008716
301.207386	0.097770
303.177531	0.012910
332.666931	0.000068
347.707773	0.010877
400.230291	0.780429
400.275796	0.112278
469.251425	0.030184
469.296930	0.974948
566.349690	0.025253
567.228321	0.005810
567.273826	0.006001
568.319835	0.032942
666.296731	0.002294
694.408270	0.082175
792.385166	0.015384
END IONS

BEGIN IONS
PEPMASS=483.752058
SEQ=+229.163AVS+79.966QPR
CHARGE=2+
136.589493	0.000422
175.118951	0.192928
272.171711	0.620702
299.181393	0.020058
301.207386	0.209749
347.707773	0.002955
400.230291	0.202524
400.275796	0.190322
469.251425	0.071371
469.296930	0.488969
567.228321	0.006841
567.273826	0.000397
568.319835	0.084657
597.355510	0.834386
666.296731	0.000245
694.408270	0.047512
695.332406	0.011735
792.385166	0.000602
END IONS

BEGIN IONS
PEPMASS=484.759878
SEQ=+229.163AS+79.966GLVGR
CHARGE=2+
88.063113	0.000022
116.573843	0.000345
151.107331	0.000538
166.108048	0.000489
175.118951	0.605586
222.650078	0.000764
232.140411	0.680116
263.117076	0.000416
301.207386	0.181592
319.659106	0.000554
331.208821	0.287701
348.715593	0.002837
369.193311	0.008120
370.228520	0.560295
397.704041	0.003109
427.249980	0.143140
444.292881	0.088439
468.205416	0.166579
501.314341	0.698195
525.226876	0.027454
540.334040	0.347441
570.335475	0.103204
638.310936	0.415042
639.402450	0.341506
668.312371	0.023885
696.423910	0.154301
737.379346	0.321522
794.400806	0.080559
END IONS

BEGIN IONS
PEPMASS=485.251893
SEQ=+229.163T+79.966SPVTR
CHARGE=2+
175.118951	0.275118
188.121158	0.000667
206.095616	0.000199
276.166631	0.137166
298.138011	0.000511
313.207060	0.025442
349.207608	0.000920
375.235041	0.012069
400.239090	0.528269
472.287801	0.963077
497.291850	0.002818
498.215986	0.032807
559.319831	0.015445
595.268746	0.000615
596.360260	0.038153
694.337156	0.055889
697.407940	0.030060
795.384836	0.000414
END IONS

BEGIN IONS
PEPMASS=485.251893
SEQ=+229.163TS+79.966PVTR
CHARGE=2+
166.112616	0.000539
175.118951	0.178298
188.121158	0.000489
276.166631	0.096169
298.138011	0.000708
331.217956	0.043341
349.207608	0.001649
375.235041	0.006478
398.196056	0.000064
400.239090	0.685369
472.287801	0.865515
497.291850	0.004463
498.215986	0.086816
541.308935	0.013198
595.268746	0.000133
596.360260	0.043782
639.285831	0.004807
694.337156	0.079209
697.407940	0.032545
795.384836	0.000051
END IONS

BEGIN IONS
PEPMASS=485.749513
SEQ=+229.163AAGS+79.966TVR
CHARGE=2+
175.118951	0.781616
274.187361	0.063209
301.207386	0.014128
372.244496	0.008400
375.235041	0.030585
429.265956	0.013263
498.287090	0.031006
599.334770	0.041864
670.291641	0.000037
698.403180	0.021063
END IONS

BEGIN IONS
PEPMASS=486.739148
SEQ=+229.163S+79.966GSLSGR
CHARGE=2+
88.063113	0.000015
116.573843	0.000728
160.089858	0.001020
175.118951	0.872307
199.087791	0.000621
227.598521	0.000012
232.140411	0.389022
278.668118	0.026418
299.191410	0.069231
319.172441	0.432294
322.184133	0.028743
350.694863	0.008358
356.212870	0.018954
397.168306	0.027039
432.256501	0.762077
443.244900	0.836930
454.189766	0.001096
519.288531	0.020938
541.221796	0.001183
556.328960	0.591085
576.309991	0.040840
643.360990	0.322618
654.305856	0.002276
700.382450	0.216681
741.337886	0.004155
798.359346	0.001644
END IONS

BEGIN IONS
PEPMASS=487.222278
SEQ=+229.163MS+79.966VGDR
CHARGE=2+
145.576583	0.000195
174.087313	0.000243
175.118951	0.990945
181.109021	0.000337
290.145891	0.032875
347.167351	0.137385
351.177993	0.001327
361.210766	0.123135
430.231900	0.324935
446.235761	0.185939
515.256895	0.046652
528.208796	0.023261
529.300310	0.153128
586.321770	0.065654
613.233791	0.004864
627.277206	0.001675
684.298666	0.028515
701.348710	0.479266
799.325606	0.085440
END IONS

BEGIN IONS
PEPMASS=488.228418
SEQ=+229.163S+79.966PYGSR
CHARGE=2+
175.118951	0.137517
199.087791	0.000252
241.621523	0.000214
247.614171	0.000692
262.150981	0.024856
299.191410	0.488651
319.172441	0.071281
396.244170	0.002721
397.168306	0.521184
482.235771	0.044197
559.307500	0.022387
579.288531	0.904551
616.328960	0.027194
657.284396	0.062786
703.360990	0.064286
714.305856	0.034025
END IONS

BEGIN IONS
PEPMASS=488.228418
SEQ=+229.163S+79.966PSYGR
CHARGE=2+
175.118951	0.295280
199.087791	0.000498
232.140411	0.137815
247.614171	0.000441
299.191410	0.447853
323.673403	0.000358
352.184133	0.004165
395.203741	0.193420
396.244170	0.000458
397.168306	0.348207
482.235771	0.016510
483.276200	0.150673
579.288531	0.202209
646.339530	0.086925
703.360990	0.088620
744.316426	0.000060
801.337886	0.002534
END IONS

BEGIN IONS
PEPMASS=488.252223
SEQ=+229.163VS+79.966PAHR
CHARGE=2+
165.122981	0.000486
175.118951	0.395382
192.111123	0.000145
297.148376	0.000448
312.177861	0.085489
329.238686	0.102809
352.207938	0.008736
383.214971	0.015814
398.259820	0.728467
401.196386	0.005751
480.267731	0.879606
495.312580	0.013720
496.236716	0.056168
549.288865	0.045975
566.349690	0.091682
647.265761	0.004298
664.326586	0.047021
703.408600	0.084752
801.385496	0.031910
END IONS

BEGIN IONS
PEPMASS=488.744228
SEQ=+229.163GPPS+79.966PGR
CHARGE=2+
116.573843	0.000165
175.118951	0.198827
232.140411	0.019362
287.191736	0.365017
296.663551	0.000402
297.125618	0.000101
324.189213	0.040543
329.193171	0.890316
345.651998	0.000153
352.699943	0.021825
373.177661	0.000024
384.244496	0.108712
398.214305	0.037635
481.297256	0.009669
495.267065	0.049165
550.318390	0.782378
592.319825	0.094247
647.371150	0.016960
648.295286	0.004877
690.296721	0.004749
704.392610	0.051122
745.348046	0.000079
802.369506	0.000453
END IONS

BEGIN IONS
PEPMASS=490.225878
SEQ=+229.163SGS+79.966YTR
CHARGE=2+
138.586953	0.000837
159.104791	0.006328
175.118951	0.876332
187.615521	0.000053
276.166631	0.145362
317.202306	0.108140
354.181593	0.000079
374.223766	0.184322
439.229961	0.338975
443.244900	0.588383
508.251095	0.043943
541.221796	0.004359
565.272555	0.035429
606.227991	0.003936
606.308230	0.337411
663.249451	0.001549
707.355910	0.263384
805.332806	0.007551
END IONS

BEGIN IONS
PEPMASS=490.759878
SEQ=+229.163VGGS+79.966PVR
CHARGE=2+
137.597318	0.000331
165.122981	0.000496
175.118951	0.316667
193.633711	0.000242
274.187361	0.012845
305.181388	0.023201
329.238686	0.081816
354.169836	0.000159
354.715593	0.005147
371.240121	0.840829
386.260146	0.023820
440.261255	0.006750
443.281606	0.040837
497.282715	0.006481
512.302740	1.026884
538.238151	0.002327
554.304175	0.074171
595.259611	0.002535
609.355500	0.041759
610.279636	0.022328
652.281071	0.028640
708.423910	0.113188
806.400806	0.056772
END IONS

BEGIN IONS
PEPMASS=491.239318
SEQ=+229.163S+79.966QQGPR
CHARGE=2+
175.118951	0.328214
199.087791	0.000480
229.129513	0.000099
263.117081	0.000323
272.171711	0.139144
299.191410	0.029945
327.146371	0.000448
329.193171	0.102353
355.657101	0.009119
397.168306	0.048558
427.249990	0.074333
457.251751	0.044450
525.226886	0.004427
555.308570	0.053160
585.310331	0.041594
612.330030	0.122206
653.285466	0.120797
709.382790	0.062065
710.306926	0.190317
807.359686	0.007213
END IONS

BEGIN IONS
PEPMASS=491.749513
SEQ=+229.163S+79.966AGVPSR
CHARGE=2+
131.579128	0.000081
175.118951	0.517255
180.105508	0.000046
199.087791	0.002316
234.606346	0.000532
262.150981	0.017792
263.117076	0.000130
299.191410	0.035630
312.651281	0.000081
359.203741	0.554241
370.228520	0.025546
397.168306	0.049196
427.249980	0.111437
458.272151	0.046894
468.205416	0.001414
515.293611	0.056599
525.226876	0.052329
526.318390	0.297369
586.330721	0.054455
623.371150	0.002339
624.295286	0.312505
710.403180	0.034403
END IONS

BEGIN IONS
PEPMASS=492.739148
SEQ=+229.163TTS+79.966PGGR
CHARGE=2+
145.084573	0.000210
166.112616	0.000349
175.118951	0.065390
232.140411	0.024255
289.161871	0.010741
331.217956	0.033831
348.661851	0.000852
377.172581	0.000077
386.214631	0.972429
432.265636	0.019216
455.235765	0.008632
501.286770	0.771806
553.212661	0.002393
556.283445	0.008221
598.339530	0.000165
599.263666	0.009130
654.260341	0.002666
655.360990	0.009379
696.316426	0.000454
712.382450	0.014327
753.337886	0.011966
810.359346	0.007441
END IONS

BEGIN IONS
PEPMASS=492.739148
SEQ=+229.163T+79.966PGTGSR
CHARGE=2+
175.118951	0.123282
206.095616	0.000499
234.144278	0.000071
239.124428	0.000043
254.621996	0.000737
262.150981	0.007426
284.668118	0.000069
287.650808	0.000144
313.178848	0.000006
313.207060	0.483020
319.172441	0.029302
333.656566	0.000016
411.183956	0.348649
420.220121	0.012379
467.281280	0.006849
477.241581	0.029537
508.236716	0.000441
565.258176	0.006437
568.328960	0.015551
574.294341	0.884449
625.350420	0.006337
666.305856	0.000005
712.382450	0.033921
723.327316	0.000200
END IONS

BEGIN IONS
PEPMASS=493.256973
SEQ=+229.163VPS+79.966FAR
CHARGE=2+
165.122981	0.000179
175.118951	0.380409
213.649361	0.000060
246.156061	0.025177
321.694133	0.000999
329.238686	0.718318
393.224471	0.046302
426.291446	0.004992
462.245605	0.008914
495.312580	0.047064
559.298365	0.347506
642.380990	0.035524
657.275261	0.000556
713.418100	0.057310
END IONS

BEGIN IONS
PEPMASS=493.746973
SEQ=+229.163S+79.966LSGTGR
CHARGE=2+
116.573843	0.000376
167.097683	0.000774
175.118951	0.762292
199.087791	0.002098
232.140411	0.300314
255.629821	0.000316
278.668118	0.006147
299.191410	0.347051
329.191958	0.012713
333.188091	0.120811
357.702688	0.003368
390.209551	0.832451
397.168306	0.210639
412.275470	0.160527
477.241581	0.078137
499.307500	0.377183
510.252366	0.000834
556.328960	0.175126
590.325641	0.019293
657.376640	0.225463
714.398100	0.187955
END IONS

BEGIN IONS
PEPMASS=494.718413
SEQ=+229.163S+79.966SSDAGR
CHARGE=2+
116.573843	0.000052
150.099343	0.000123
175.118951	0.193045
193.615358	0.000223
199.087791	0.001052
232.140411	0.072280
299.191410	0.032246
303.177521	0.988978
379.151846	0.000107
386.223440	0.008702
397.168306	0.020091
418.204461	0.097889
473.255470	0.049337
484.200336	0.000705
505.236491	0.008601
588.282410	0.206356
592.268521	0.004336
659.319520	0.020967
686.259306	0.045180
716.340980	0.036939
757.296416	0.007286
814.317876	0.002932
END IONS

BEGIN IONS
PEPMASS=494.726043
SEQ=+229.163S+79.966SSWGR
CHARGE=2+
116.573843	0.001061
175.118951	0.909585
199.087791	0.001775
232.140411	0.324708
299.191410	0.160529
330.171028	0.005206
358.681758	0.014032
386.223440	0.038618
397.168306	0.047385
418.219721	0.833302
473.255470	0.634836
505.251751	0.038102
592.283781	0.020717
659.334780	0.240826
716.356240	0.261983
814.333136	0.024795
END IONS

BEGIN IONS
TITLE=01CPTAC3_Benchmarking_P_BI_20170523_BL_f01.4715
SEQ=+229.163QSSSEQC+57.021S+79.966DGEGR
CHARGE=2+
112.0508	906.29
112.0871	3488.23
112.9405	490.08
121.8232	507.33
123.3645	676.79
126.1251	830.08
126.1282	12437.95
127.1250	3825.89
127.1315	14754.34
128.1286	14781.13
128.1348	7743.72
129.0429	559.52
129.1286	601.53
129.1319	14148.74
129.1380	6109.86
130.1351	4293.44
130.1416	13311.58
131.1385	8003.04
136.0302	571.58
136.0621	8534.93
148.2100	656.45
148.2169	875.23
148.2331	922.95
148.2403	900.61
157.1086	1229.38
158.0927	1228.91
161.0317	726.91
173.1497	3745.75
173.7878	694.77
175.1192	6925.56
175.1566	805.45
176.1598	2708.59
178.2823	1535.68
180.7037	627.39
186.1533	1022.10
189.5535	685.83
209.1037	1054.05
215.1137	3278.07
221.0778	610.97
226.1300	1466.73
230.1705	20910.97
231.1737	960.90
232.1408	13707.06
233.1447	1265.36
244.1406	1231.07
246.0476	714.90
247.1970	2573.28
248.1808	807.89
250.0932	1032.60
256.6976	698.37
259.4214	714.45
281.2181	778.92
289.1613	711.93
312.0495	3129.07
330.0601	4422.43
330.2344	7384.55
348.0715	1313.48
358.2290	9585.40
359.2329	1295.36
367.2298	961.44
376.2763	7199.50
380.7021	823.00
383.1688	935.00
400.1950	897.86
401.1785	1556.03
414.8965	778.75
417.2666	1397.23
418.2050	30699.77
419.2086	9589.66
422.1312	1204.19
438.7642	760.32
443.0883	822.61
445.2627	4806.14
445.2990	912.22
455.2934	1280.11
472.3206	1249.48
490.3291	1057.99
496.6827	748.26
504.2995	1454.52
504.3449	791.81
514.2830	1296.11
522.2982	1147.44
532.2910	4929.81
533.2315	1587.04
537.3285	842.94
553.8080	799.63
563.3116	1217.74
572.8383	806.72
585.0014	752.50
598.0143	1079.60
601.3142	1040.65
602.2531	2608.95
602.7971	943.09
615.6974	977.51
619.3264	3420.89
633.6140	851.31
642.3431	1099.73
642.6140	930.57
645.0413	793.86
645.3763	1069.16
650.7137	919.00
652.3546	1002.67
659.8420	3416.19
660.3429	1008.66
660.8446	1270.38
667.0490	974.73
668.6102	1137.36
671.1202	889.32
671.2739	1188.64
672.2775	1258.97
673.0535	1642.83
674.0326	944.33
679.0594	1525.22
680.8522	1089.31
681.8485	1010.28
682.0322	1032.86
682.3536	1617.14
685.7012	1635.91
689.7065	960.55
691.3763	918.75
691.7061	3536.92
692.0369	2820.55
695.6128	1214.99
697.3784	1084.16
697.7097	3334.15
698.0409	1052.78
699.7045	833.57
700.0479	1175.19
705.7118	4116.18
711.7183	3504.14
720.3706	4169.58
721.3763	1284.11
731.3436	1244.47
748.3694	9293.42
749.3724	5707.84
764.8438	1085.64
765.3464	2533.96
765.3948	1358.28
765.8388	1039.32
773.8506	5427.37
774.3517	17622.73
774.8511	5965.81
799.3358	1351.76
810.8495	5756.53
811.3455	5246.22
819.3563	10879.54
819.8571	40161.00
820.3590	12990.34
828.3613	3706.93
828.8625	11871.82
829.3638	3489.25
848.4328	2869.60
849.4318	1580.75
873.3204	870.59
876.4255	8438.25
877.4299	4784.74
899.0042	846.87
1020.3861	936.28
1038.4683	1115.96
1129.5013	2549.18
1130.4950	1427.36
1190.4771	1148.13
1194.4479	1177.87
1220.4995	3599.93
1221.5128	3060.80
1239.5214	1107.72
1280.4882	994.90
1281.4856	4378.11
1390.5732	4613.09
1391.5909	1009.53
1392.5842	1638.21
1393.5765	3422.94
1481.5815	4985.39
1482.5900	3540.92
1483.5878	5589.60
1484.5820	6622.10
1485.5854	1580.71
END IONS

BEGIN IONS
TITLE=01CPTAC3_Benchmarking_P_BI_20170523_BL_f01.5006
SEQ=+229.163QDS+79.966REPDAGR
CHARGE=3+
110.0718	19271.78
111.0751	1713.16
112.0848	745.65
112.0875	12978.40
113.0715	6065.18
113.0907	592.87
115.0872	7457.07
116.0710	6352.63
116.6495	544.24
119.9760	474.19
120.9596	521.64
122.0717	918.40
123.2541	493.27
126.1251	763.17
126.1283	14764.28
127.0871	1321.14
127.1254	19619.84
127.1316	18804.37
128.1288	19755.21
128.1349	24035.17
128.6125	526.40
129.0662	1161.40
129.1321	20056.44
129.1383	26403.26
130.0980	1270.58
130.1354	23786.20
130.1416	19713.62
131.1387	22740.95
132.0703	711.03
132.1420	943.76
133.7589	600.71
134.0718	2841.15
136.0622	3378.86
136.0761	670.50
138.0665	2572.47
139.0870	850.78
140.0710	573.27
141.0662	987.61
143.0822	791.42
149.0712	674.38
150.0553	746.35
150.0777	551.48
152.0571	2855.80
153.0662	612.98
155.0820	755.99
156.0769	693.44
157.1086	3903.15
158.0929	20801.08
158.1361	864.35
159.1335	666.23
163.8200	587.82
165.1140	766.43
167.0819	3079.26
171.0768	3888.89
172.1085	4967.02
173.0831	1479.64
173.0925	1591.44
173.1499	2758.52
173.5163	597.92
175.1194	43295.53
175.1566	1394.88
176.1166	1162.13
176.1227	1456.91
176.1600	4497.85
177.1272	708.51
178.2805	4604.60
179.0933	955.95
181.0976	1228.78
181.1086	699.99
183.1244	637.63
184.1086	1192.76
185.0924	2769.65
186.1532	1018.62
188.1601	4049.96
195.0770	829.12
197.1039	2825.36
198.0878	1603.35
199.0716	1063.55
199.1079	1480.70
201.1003	1321.72
204.1103	1004.21
209.0928	5902.05
209.1037	5134.25
210.0966	822.34
213.0876	7840.20
214.1091	15540.00
215.1142	12645.25
222.0885	731.90
224.1026	913.80
226.1302	1465.69
227.1030	2714.88
227.1140	3555.09
229.1671	1409.98
230.1707	33528.32
231.1358	1687.31
231.1742	3719.66
232.0835	1028.35
232.1414	7072.25
233.0868	1146.99
237.0992	775.64
239.1139	1124.65
241.0829	775.84
241.1296	1137.96
242.1140	988.32
243.1453	1123.61
247.1974	3935.87
248.1814	11475.50
249.1848	1295.37
250.0827	1336.64
251.1153	748.11
253.0937	1287.20
256.0933	910.25
258.1328	25047.38
258.6343	3552.51
259.1883	779.06
265.1303	894.81
267.1095	956.85
268.0938	1273.00
268.1408	3264.32
269.1246	990.02
272.1723	3035.04
275.1259	1122.44
278.1254	1180.29
281.1254	860.39
284.1245	5158.63
286.1517	11573.02
287.1558	772.02
288.2044	835.36
293.1252	3642.91
296.1247	875.00
297.1232	649.99
298.1153	2435.32
299.1355	890.46
301.2445	3390.16
303.1783	159664.73
304.1824	14019.78
309.6643	3791.36
310.1131	804.51
319.6769	1109.23
320.1688	1448.65
321.1206	1217.04
321.1709	679.93
322.1912	771.18
323.6606	857.25
324.1191	4811.31
324.1320	1342.46
327.1817	1277.38
328.6823	9866.34
329.1841	1411.89
329.2397	2704.33
330.2338	5508.74
331.2379	1021.18
332.1757	1100.64
332.6670	10366.35
333.1687	2709.80
335.6963	8187.09
336.1981	1234.25
338.1468	1620.15
341.1455	1288.45
341.1591	792.97
341.1800	10269.73
341.6814	877.09
346.1628	851.79
349.6935	33626.04
350.1956	8980.15
350.6974	1246.40
355.1734	3554.25
358.1731	1393.50
358.2296	25818.61
358.6988	7362.04
359.1579	926.16
359.2347	1055.11
363.5460	860.66
365.1095	1347.95
366.0936	1078.93
366.1781	1562.40
367.1656	924.75
372.1423	950.21
374.2211	846.09
375.2558	5112.00
376.2406	1043.95
376.2768	3347.28
378.4627	1099.51
382.6427	855.47
383.1209	6432.19
383.1683	3667.09
383.1859	894.26
385.9736	1088.18
387.6643	838.50
390.5475	940.05
391.7023	5634.03
392.1891	1213.97
393.2039	2917.89
394.8923	1700.98
395.2277	1380.63
399.7166	1008.57
399.8966	1159.17
400.2174	37713.68
400.7040	5117.45
400.7214	12492.78
400.8957	7368.20
401.1785	6772.23
401.2056	799.53
401.2325	4842.20
401.2717	8281.44
401.5652	986.20
401.7021	909.78
402.2749	1159.60
405.7018	7855.91
406.1981	971.69
406.7044	1248.96
406.9001	1660.45
409.2293	8779.40
409.5625	6069.39
410.2481	874.89
411.7105	3015.42
414.2154	20672.45
414.7177	5293.86
414.9050	7222.44
415.2372	3717.18
418.2054	28586.80
419.2082	3921.56
422.7066	918.62
422.7645	983.57
423.2031	1378.42
423.2214	2702.14
423.2665	901.58
423.7068	1614.56
424.2153	946.01
427.2293	1202.60
428.1897	2899.13
428.2130	5054.49
428.2627	1485.64
428.5485	917.76
429.1929	1116.42
429.2140	1040.34
430.5445	1181.03
431.2964	4895.92
431.7186	27661.79
432.2202	9048.07
432.5634	952.85
432.6795	1118.45
433.2329	1185.24
435.2157	54826.44
435.7173	21281.49
436.2179	7383.07
436.5511	1217.39
436.8813	855.63
436.9051	1002.99
438.1626	945.30
438.2273	2795.16
438.5587	944.57
439.7194	1200.79
440.2769	792.40
440.3007	1335.42
440.7242	5447.00
441.2260	3175.33
441.8922	10336.70
442.2260	12672.15
442.5568	3769.51
442.5820	869.02
443.2821	3503.54
444.2206	28692.73
444.2851	1002.48
444.7224	13250.32
445.2239	2781.74
447.5603	8542.55
447.8960	307632.06
448.2303	188702.66
448.5644	67713.27
448.7150	862.59
453.2108	1005.32
453.8998	27095.07
454.2335	19348.73
454.5670	5781.79
456.2311	1181.11
462.2494	974.12
462.7428	5364.99
463.1969	1231.07
463.2427	1059.54
466.2482	1198.80
471.2541	9003.13
471.7399	4750.46
472.2482	3104.31
472.2717	3027.01
473.2567	72480.09
474.2603	13112.26
475.2613	3037.79
480.1758	797.42
480.2178	1220.01
480.2368	1436.58
480.2603	16896.85
480.2849	1509.51
480.7483	6684.51
480.9611	1304.64
481.2063	5407.91
481.2458	1314.95
481.2675	1229.18
484.2172	5120.26
484.2625	20505.11
484.7150	764.20
484.7643	8334.66
485.2654	2536.93
490.2838	11449.62
492.7284	9062.40
493.2314	4205.06
493.2673	965.55
495.2690	3170.35
496.2712	844.69
497.2469	3162.43
498.2299	6154.56
498.2567	1131.01
499.2354	1610.32
501.7344	1257.95
504.1966	979.66
505.3181	1000.25
506.7240	947.92
511.2485	3248.57
511.7471	4308.54
514.2828	2670.51
515.2585	99989.54
516.2613	23234.05
517.0322	1143.28
517.2645	3364.17
517.3295	1410.28
519.7546	1608.44
520.2550	105169.89
520.7564	48288.59
521.2574	11381.49
524.2670	3028.80
529.2592	8174.95
529.7620	4626.09
530.2783	971.10
535.2881	1399.49
536.7986	952.15
539.2407	1390.03
541.2958	9194.76
541.7755	935.95
542.2762	11391.02
543.2813	1341.26
544.3168	1334.52
547.7530	1559.97
548.2460	3392.18
548.7462	3051.70
555.7740	9369.39
556.2745	5965.21
556.7589	3459.14
557.2604	3311.58
559.3045	15650.30
560.2852	1175.99
564.7787	2755.24
565.3223	1511.32
567.2537	15657.26
568.2562	3115.03
569.7446	1127.79
570.2867	9846.19
570.7862	1449.53
571.2858	1068.79
572.7702	945.95
574.7587	900.87
575.2808	1426.19
575.7482	2526.59
577.3170	936.73
583.7614	7463.43
584.2884	17568.27
584.7892	7413.00
585.2631	9654.19
585.7726	1569.10
586.2698	1600.57
592.2770	26875.35
592.7750	38107.27
593.2823	39738.38
593.7828	31344.85
594.2825	27665.38
594.7827	11460.89
601.2856	995.75
601.7795	3014.73
602.2956	3083.79
602.7895	3646.07
603.2863	2996.19
606.2735	1177.88
608.2795	2825.54
608.7766	967.33
610.2972	900.10
615.3307	5622.54
616.3321	1265.82
626.2907	18118.91
627.2961	5081.10
632.2529	940.32
638.3471	1665.94
642.2990	1226.76
643.3024	983.44
644.3012	22821.24
645.3051	7058.79
653.3572	4232.64
654.2838	4358.56
654.3561	900.56
656.3563	4673.21
657.3591	1403.63
662.8269	1470.45
664.3249	1059.29
670.2946	1310.38
671.2947	1038.08
672.3056	1061.00
681.3528	22609.38
682.2806	4082.69
682.3554	5803.09
688.3195	2312.03
695.3124	2824.30
697.3328	926.88
699.3615	1270.49
705.3431	975.42
713.3267	3524.71
714.3363	1055.27
730.3599	5255.13
782.4024	7765.99
783.3707	1083.86
788.3564	839.85
803.3581	960.84
809.3925	1275.29
810.3389	2615.74
810.3941	17827.81
811.3429	1115.24
811.3964	7057.05
812.3983	1281.83
850.4067	2992.54
864.3501	941.96
865.3499	1198.03
867.3596	1293.57
881.3774	4162.09
882.3765	9241.69
883.3760	7606.28
884.3857	7180.40
885.3844	8093.66
886.3890	1440.72
921.2318	940.21
924.4165	1550.75
950.3963	1152.50
967.4222	8910.67
968.4253	3242.47
985.4414	826.81
1010.4323	1279.68
1011.4374	1330.82
1012.4405	1290.94
1027.4485	1242.41
1028.4463	1509.83
1409.7474	982.57
END IONS